0.01 0
0.120815917006 1
0.121505166011 2
0.121773000006 3
0.125289125004 4
0.125406624997 5
0.13077608301 6
0.130927208011 7
0.134655417001 8
0.134793249992 9
0.135269541002 10
0.135726583001 11
0.139646875003 12
0.141101208996 13
0.142142875004 14
0.143475541001 15
0.144461584001 16
0.14624300001 17
0.146947375004 18
0.149557249999 19
0.151100583011 20
0.151976166002 21
0.151998625006 22
0.154752542003 23
0.156670624987 24
0.157322333005 25
0.158938875 26
0.159927166009 27
0.160048999998 28
0.162144542002 29
0.162264208004 30
0.162663540992 31
0.167313957994 32
0.167327542003 33
0.168459499997 34
0.174683582998 35
0.174805957999 36
0.176235875013 37
0.179251041991 38
0.182112124996 39
0.182483500001 40
0.183735750004 41
0.184689667003 42
0.188397083999 43
0.191638458011 44
0.194500667014 45
0.194737458005 46
0.196631500003 47
0.197646125001 48
0.198854082992 49
0.199119541998 50
0.199919582999 51
0.200427749995 52
0.201827167009 53
0.202243791995 54
0.203057207997 55
0.203246792007 56
0.203872665996 57
0.203876 58
0.203947333997 59
0.204019541998 60
0.204022958991 61
0.204118207999 62
0.205438417004 63
0.20809866699 64
0.208817457999 65
0.208828292001 66
0.210045540996 67
0.210656916999 68
0.210686374994 69
0.211036458 70
0.211549791013 71
0.212284791996 72
0.212923750005 73
0.21303295801 74
0.213422624991 75
0.214020708008 76
0.214558291002 77
0.214629916009 78
0.215811499991 79
0.216003207999 80
0.21617804101 81
0.216416083 82
0.216860500004 83
0.217083750002 84
0.217373833002 85
0.220044792004 86
0.220967417001 87
0.221720458998 88
0.221876041993 89
0.222569292004 90
0.223336750001 91
0.224830874999 92
0.224879834001 93
0.224973208009 94
0.224997124998 95
0.225038000004 96
0.225307458008 97
0.225386792008 98
0.225627624997 99
0.226840624993 100
0.226849667 101
0.226951042001 102
0.228218208009 103
0.229388415988 104
0.229586667003 105
0.230392041994 106
0.232273750007 107
0.232826291991 108
0.232997582993 109
0.233486417012 110
0.233693375005 111
0.233890249991 112
0.234670292004 113
0.235565249997 114
0.235721708988 115
0.235943791995 116
0.238064124991 117
0.238336834009 118
0.238357082999 119
0.23874999999 120
0.239105542001 121
0.240087791011 122
0.240098208 123
0.240450458004 124
0.240697417001 125
0.24105425 126
0.241117875004 127
0.244585499997 128
0.244799499997 129
0.245247542 130
0.245248166 131
0.245633916013 132
0.246073875009 133
0.246410541993 134
0.246653416005 135
0.247010916995 136
0.247888792001 137
0.248346499997 138
0.248637166995 139
0.249955207997 140
0.250310832998 141
0.250702999998 142
0.251115207997 143
0.251294417001 144
0.251719624997 145
0.252569999997 146
0.253333834 147
0.254999832992 148
0.255003541999 149
0.255069999999 150
0.255138708002 151
0.256579333 152
0.257239125 153
0.258282875002 154
0.258324167007 155
0.258456416996 156
0.258570124992 157
0.258760541998 158
0.258990832997 159
0.261278874998 160
0.261571083989 161
0.261811792006 162
0.261919291996 163
0.262169291993 164
0.262285042001 165
0.263265500005 166
0.263496750005 167
0.263574749988 168
0.264605000004 169
0.265043041989 170
0.265474084008 171
0.265621208993 172
0.266693915997 173
0.267234708997 174
0.268041834002 175
0.268342541996 176
0.268831041001 177
0.268882792006 178
0.268941791001 179
0.269332540993 180
0.270113583989 181
0.271005667004 182
0.271422249993 183
0.272841208993 184
0.274051458997 185
0.274921834003 186
0.275119875005 187
0.275209458006 188
0.276318250006 189
0.278459833004 190
0.278513124998 191
0.279021750001 192
0.284578833991 193
0.284758624999 194
0.288098375007 195
0.288467332997 196
0.289846125001 197
0.289926291996 198
0.292362791995 199
0.292860791 200
0.299325457992 201
0.304219333993 202
0.307354042001 203
0.311780542004 204
0.313062125002 205
0.317560958007 206
0.325591375004 207
0.326402041988 208
0.328538917005 209
0.335182750001 210
0.337866375005 211
0.341663125 212
0.347654500001 213
0.348672124994 214
0.349316541004 215
0.349698749997 216
0.35262125 217
0.358463917 218
0.364546041994 219
0.366498083997 220
0.378331750006 221
0.378668999998 222
0.379016958002 223
0.379977874996 224
0.386395249996 225
0.387704541994 226
0.394473332999 227
0.394798209003 228
0.398327250005 229
0.399695250002 230
0.400151042006 231
0.410993124999 232
0.413318666993 233
0.419193916998 234
0.420436250002 235
0.422798667001 236
0.424283333006 237
0.429878167008 238
0.434727250002 239
0.440306542005 240
0.440425125009 241
0.443245750008 242
0.443498624998 243
0.444310208011 244
0.447083957988 245
0.450507332993 246
0.453737000003 247
0.454121000002 248
0.458248124996 249
0.469764666996 250
0.469996708009 251
0.470851208011 252
0.475767750002 253
0.477156583001 254
0.477741708004 255
0.481386041007 256
0.488179291002 257
0.488924624995 258
0.496170124999 259
0.496807375006 260
0.497609625003 261
0.497905332988 262
0.500738540999 263
0.512325667005 264
0.515700500007 265
0.523011375 266
0.531358583001 267
0.546566625009 268
0.556482291999 269
0.565041709007 270
0.574680582999 271
0.594248249996 272
0.596449499993 273
0.597422709005 274
0.659724124998 275
0.663217166992 276
0.673229374996 277
0.680273042002 278
0.684396124998 279
0.689675082991 280
0.690356124993 281
0.690364584007 282
0.698311500004 283
0.700378791997 284
0.700682375013 285
0.714429500003 286
0.719892834008 287
0.719958125002 288
0.733085500004 289
0.736809833004 290
0.736930750005 291
0.768191458003 292
0.772412708 293
0.776408541002 294
0.782945833998 295
0.797419124996 296
0.802024167002 297
0.805315791993 298
0.826826042001 299
0.829158082997 300
0.847016375003 301
0.884142833005 302
0.905235291997 303
0.930992249996 304
0.951514040993 305
0.974117958001 306
0.985178999996 307
0.999473584001 308
1.00308075 309
1.037824667 310
1.05516525 311
1.06550558399 312
1.076631958 313
1.07706 314
1.12608437499 315
1.127418292 316
1.133140333 317
1.20437266699 318
1.312245333 319
1.359192958 320
1.374565458 321
1.42399212501 322
1.42610670801 323
1.445203125 324
1.465465667 325
1.50725054101 326
1.519607084 327
1.732865375 328
1.795656833 329
1.968282542 330
2.160406417 331
2.242620666 332
2.31313825 333
2.33557345801 334
2.49453354199 335
2.5024945 336
2.678656 337
2.80195720799 338
2.902937167 339
2.957732875 340
3.02030829201 341
3.11370608301 342
3.570028459 343
3.60088100001 344
3.615841625 345
3.83963141699 346
3.90059679101 347
3.93366066701 348
4.07429533399 349
4.267919833 350
4.844325375 351
4.867817042 352
5.80867445901 353
6.058536083 354
10 354
