0.01 0
0.121553291989 1
0.121915790995 2
0.124235459007 3
0.124378000008 4
0.129778917006 5
0.131187624997 6
0.131505999991 7
0.132043624995 8
0.136198540989 9
0.136359957993 10
0.141776666991 11
0.142361708 12
0.142413124995 13
0.145088165998 14
0.148174624992 15
0.148783084005 16
0.15238137501 17
0.152948707997 18
0.153839791994 19
0.154270250001 20
0.157528291995 21
0.159584125009 22
0.159597167003 23
0.1596555 24
0.162184791989 25
0.163267875003 26
0.165001333007 27
0.16516462501 28
0.166492624994 29
0.167602124988 30
0.175243375008 31
0.175861957992 32
0.178724957994 33
0.178817833003 34
0.179057707996 35
0.179556875009 36
0.18265170799 37
0.184470666994 38
0.184633083001 39
0.185133207997 40
0.186550750004 41
0.186699207989 42
0.188434875003 43
0.189645041988 44
0.191718958013 45
0.192124708992 46
0.194333459003 47
0.195647749992 48
0.195939750003 49
0.197828165998 50
0.198198000013 51
0.200788624992 52
0.201133082999 53
0.201190583 54
0.20369324999 55
0.203955375007 56
0.204136708999 57
0.204943833 58
0.205019417001 59
0.205096291 60
0.206731792001 61
0.207146166998 62
0.207926292002 63
0.207950666998 64
0.208440167 65
0.209237457995 66
0.209341290989 67
0.210670708999 68
0.211737916004 69
0.211821375007 70
0.212601207997 71
0.214867667004 72
0.216636416997 73
0.217825458996 74
0.218639958999 75
0.218663125008 76
0.21903829099 77
0.219347416001 78
0.219538000005 79
0.220547959005 80
0.221006542008 81
0.222482958998 82
0.223035457995 83
0.223663915996 84
0.223742458009 85
0.224098292005 86
0.224295541004 87
0.225718916001 88
0.225728125006 89
0.226733125004 90
0.22755562501 91
0.227599874997 92
0.227717834001 93
0.228535709 94
0.228791707996 95
0.22918408399 96
0.229762542003 97
0.229894792006 98
0.231465916993 99
0.231493542 100
0.231515415988 101
0.231516542 102
0.231619957995 103
0.233007624993 104
0.233077875004 105
0.233550542005 106
0.234963875002 107
0.235934040989 108
0.236125916999 109
0.236160250002 110
0.236381833005 111
0.236439957996 112
0.236627708 113
0.237042124994 114
0.237247917001 115
0.237750166998 116
0.238169082993 117
0.238692083993 118
0.238942166994 119
0.239424667001 120
0.240854332995 121
0.241929250013 122
0.242341000005 123
0.242962667005 124
0.243281499992 125
0.24478275 126
0.24494574999 127
0.245405833004 128
0.245880417002 129
0.246669625005 130
0.246813082995 131
0.247128332994 132
0.247393832993 133
0.247783457991 134
0.248809541998 135
0.249151083 136
0.249249458007 137
0.249483499996 138
0.250290541997 139
0.250348792004 140
0.250390166999 141
0.250453165994 142
0.250989000007 143
0.251147500006 144
0.251427958996 145
0.251578583004 146
0.252326166999 147
0.252720291988 148
0.252884415997 149
0.254026709008 150
0.254824584001 151
0.255420874993 152
0.255445916991 153
0.255782666994 154
0.256289666999 155
0.256838417001 156
0.257957917012 157
0.258197375006 158
0.261165500007 159
0.262172082992 160
0.262454666998 161
0.263779625006 162
0.263879249993 163
0.265406082995 164
0.266292458007 165
0.268861999997 166
0.268918458009 167
0.269455250003 168
0.269685207997 169
0.271340708001 170
0.272831833994 171
0.274767458002 172
0.275055332997 173
0.275922374989 174
0.276405625002 175
0.276441416994 176
0.277993625001 177
0.278761833004 178
0.27909804201 179
0.283294541994 180
0.284470416998 181
0.285438666993 182
0.285881709002 183
0.287200916006 184
0.287985415998 185
0.289849207998 186
0.290018708009 187
0.291259459002 188
0.294063208014 189
0.297260291001 190
0.297329916997 191
0.298271584004 192
0.299568584 193
0.301768916994 194
0.304407624993 195
0.311260625007 196
0.312392959007 197
0.314272332995 198
0.322645374996 199
0.322712416004 200
0.322757750007 201
0.32550141601 202
0.330267833007 203
0.330806583996 204
0.333712707987 205
0.335972749992 206
0.339159499999 207
0.341764167009 208
0.346823792002 209
0.34942975 210
0.352660124991 211
0.359121749992 212
0.36071558301 213
0.362560958005 214
0.366600125009 215
0.371658250006 216
0.371968334002 217
0.372396166 218
0.373908291003 219
0.374110083008 220
0.374857208008 221
0.37588675 222
0.382083917008 223
0.386970459003 224
0.388951791989 225
0.395411332996 226
0.397045374993 227
0.399808041999 228
0.40040691699 229
0.407750500002 230
0.410775000011 231
0.415384125008 232
0.41690529199 233
0.417713125004 234
0.420070958004 235
0.420118875001 236
0.420835665995 237
0.422306499997 238
0.424416667011 239
0.427545874991 240
0.427873875 241
0.428419250005 242
0.431164084002 243
0.436774125003 244
0.436899708002 245
0.443439458002 246
0.447145917002 247
0.447397084004 248
0.447462833006 249
0.455071291988 250
0.458716042005 251
0.466123250008 252
0.467768832998 253
0.471617540999 254
0.474714791999 255
0.476898749999 256
0.477093875001 257
0.479733374988 258
0.481596666999 259
0.486068207989 260
0.490291958995 261
0.501881457996 262
0.505786582988 263
0.506842875009 264
0.508015166997 265
0.508442082995 266
0.509099292001 267
0.509838749989 268
0.513103624995 269
0.516124499991 270
0.520486459005 271
0.549167499994 272
0.555997542004 273
0.563670582997 274
0.564330666995 275
0.591996792005 276
0.611090082995 277
0.628965041004 278
0.644385416992 279
0.64695629201 280
0.650727832995 281
0.653919707998 282
0.668480917011 283
0.685304541999 284
0.687722749994 285
0.689774958999 286
0.706924875005 287
0.716184374993 288
0.72539091701 289
0.730645917007 290
0.74510325001 291
0.800232583002 292
0.81945333301 293
0.832432416995 294
0.835405916005 295
0.837415292001 296
0.863908457992 297
0.864537166999 298
0.875253833001 299
0.896123250001 300
0.898947124995 301
0.908621334005 302
0.934337083992 303
0.936094250006 304
0.943468208003 305
0.960850083997 306
0.968457666997 307
1.002518541 308
1.031940708 309
1.034766917 310
1.083970708 311
1.10323174999 312
1.106864542 313
1.120249917 314
1.17515362499 315
1.18034716601 316
1.204049416 317
1.231157833 318
1.292110375 319
1.39934129101 320
1.44820641601 321
1.448240292 322
1.45851912501 323
1.466480458 324
1.472803333 325
1.498640875 326
1.541035167 327
1.5681855 328
1.60964675 329
1.87812716699 330
1.93687895799 331
2.11059716699 332
2.195674291 333
2.23703787499 334
2.25179762499 335
2.39777129199 336
2.550486917 337
2.61093133299 338
2.642495708 339
2.81188358301 340
3.023744292 341
3.112794083 342
3.16884433301 343
3.46502037499 344
3.478407791 345
3.570875209 346
3.609389875 347
3.734820125 348
3.875180042 349
4.047024 350
4.161592084 351
4.63613583401 352
4.858537875 353
5.71068545899 354
6.122003792 355
10 355
