0.01 0
0.0988443749957 1
0.108795874999 2
0.110582166002 3
0.111250916001 4
0.112998124998 5
0.114187415995 6
0.115577542005 7
0.116666375005 8
0.116938749998 9
0.117616707998 10
0.120228208994 11
0.120301000003 12
0.120335583008 13
0.121499166999 14
0.122510749992 15
0.122653666986 16
0.123291374999 17
0.124522667 18
0.124860166994 19
0.126241459002 20
0.126536208001 21
0.126674667001 22
0.126894332992 23
0.127330541 24
0.128277625001 25
0.128377457993 26
0.128958959001 27
0.128982791997 28
0.129525375 29
0.129758374998 30
0.130028832995 31
0.130273417002 32
0.130758125 33
0.131145416992 34
0.131197750001 35
0.131268833007 36
0.131428042005 37
0.132408916004 38
0.13287645801 39
0.133321250003 40
0.133801042 41
0.133937417006 42
0.134044207996 43
0.134336750009 44
0.134734666004 45
0.134851750001 46
0.135999624996 47
0.136468375 48
0.137340957997 49
0.137359 50
0.13750433299 51
0.138175 52
0.138261999993 53
0.138512499994 54
0.139465291999 55
0.139953833001 56
0.140269665993 57
0.140626791996 58
0.140812625003 59
0.141278249997 60
0.141581625008 61
0.141618082998 62
0.141770457994 63
0.142452667002 64
0.142618458995 65
0.142858708001 66
0.143407042007 67
0.143435584003 68
0.144004582995 69
0.144130541012 70
0.144223708005 71
0.144911874988 72
0.145673708001 73
0.146273457998 74
0.146478958006 75
0.146485332996 76
0.14703475 77
0.147730249999 78
0.149511042007 79
0.149569750007 80
0.150139457997 81
0.150504000005 82
0.150513999994 83
0.150844333999 84
0.151217042003 85
0.151959625 86
0.152669667004 87
0.153534041994 88
0.154819917007 89
0.155746542005 90
0.156117874998 91
0.157786124997 92
0.159925 93
0.159939458012 94
0.160009041996 95
0.160899124996 96
0.161706958999 97
0.162117083004 98
0.162715792001 99
0.162939250004 100
0.169115750003 101
0.169211208005 102
0.169974958 103
0.17088520799 104
0.172581291001 105
0.174625959 106
0.180163124998 107
0.180171707994 108
0.180587708994 109
0.181131542005 110
0.181764791996 111
0.184058166997 112
0.185256875004 113
0.185684249998 114
0.187904582999 115
0.187961375006 116
0.188625374998 117
0.192232583999 118
0.194038166999 119
0.194129083 120
0.194662042006 121
0.196825583 122
0.198487332993 123
0.199152124987 124
0.20001437499 125
0.201566958 126
0.202738207998 127
0.202770874996 128
0.203161708007 129
0.204659249997 130
0.205591916994 131
0.206149375008 132
0.206172624996 133
0.208070084002 134
0.208226207993 135
0.209735708006 136
0.211185791995 137
0.213287457998 138
0.214825666 139
0.214836625004 140
0.215142458008 141
0.21562787499 142
0.215698790998 143
0.216258165994 144
0.219085124991 145
0.220098209 146
0.220785416008 147
0.220903416994 148
0.221602709003 149
0.221904250007 150
0.222124666994 151
0.222189417007 152
0.222217040995 153
0.222965416993 154
0.223227875002 155
0.224997249999 156
0.225629458 157
0.225651166998 158
0.226751458002 159
0.227784792005 160
0.22830170799 161
0.228916624998 162
0.23041104099 163
0.231021959 164
0.231516124986 165
0.232552457994 166
0.232648167002 167
0.233024167013 168
0.233735125003 169
0.234698042012 170
0.236069042003 171
0.236111457998 172
0.236114250001 173
0.238174875005 174
0.238912959001 175
0.240246249989 176
0.241747166001 177
0.241925916998 178
0.242309959009 179
0.242841707994 180
0.243670291995 181
0.244933082999 182
0.244934375005 183
0.248693041998 184
0.248725332989 185
0.249889208004 186
0.251945457989 187
0.252171667002 188
0.253250583002 189
0.253466833004 190
0.257046457991 191
0.257256333003 192
0.257303499995 193
0.257866 194
0.258011042009 195
0.259169165991 196
0.260896084001 197
0.26100983299 198
0.261267000009 199
0.262672915997 200
0.264116375009 201
0.264140208994 202
0.265162915995 203
0.266843042002 204
0.267234667001 205
0.268897250004 206
0.271364207991 207
0.27158312501 208
0.271820833994 209
0.273908125004 210
0.274301124999 211
0.275110083996 212
0.276786834002 213
0.277127416994 214
0.278088583 215
0.278341249999 216
0.280464625001 217
0.28383804101 218
0.28524633401 219
0.285561750003 220
0.287268750006 221
0.289604374993 222
0.291168542011 223
0.292852167011 224
0.293933666995 225
0.295842541993 226
0.29906574999 227
0.302909165999 228
0.303352707997 229
0.305253750004 230
0.306623291995 231
0.308859500001 232
0.309555166998 233
0.310739625013 234
0.310997666995 235
0.315617125001 236
0.316585375011 237
0.323268625012 238
0.326742332996 239
0.326981040998 240
0.327565290994 241
0.327965125005 242
0.329867499997 243
0.331301083002 244
0.331712792002 245
0.332492125002 246
0.334177165991 247
0.334944124988 248
0.335004541994 249
0.336720708001 250
0.337413333997 251
0.338490833004 252
0.340671917002 253
0.347253457992 254
0.347498832998 255
0.348528750008 256
0.352927333995 257
0.353574917011 258
0.354985333004 259
0.356712708002 260
0.35775229201 261
0.359735042002 262
0.363776207989 263
0.370981957996 264
0.374850749999 265
0.378300791999 266
0.378650750004 267
0.379955749988 268
0.397896540991 269
0.398472832996 270
0.399734207997 271
0.401196167004 272
0.404186125001 273
0.40568458401 274
0.411818958004 275
0.415114541 276
0.423402 277
0.424923999992 278
0.426100500001 279
0.430776167006 280
0.436435042007 281
0.437784084002 282
0.440021290997 283
0.440240374999 284
0.442490707996 285
0.447275291008 286
0.458633791 287
0.477131541003 288
0.478369874996 289
0.484115083003 290
0.488402625007 291
0.494295750002 292
0.502526458004 293
0.502588750009 294
0.503729250006 295
0.510509165993 296
0.53150141699 297
0.532363417005 298
0.541297292002 299
0.54963933301 300
0.560484874994 301
0.570558082996 302
0.591952125003 303
0.594495917001 304
0.595449917004 305
0.596767875002 306
0.599325874995 307
0.601398624989 308
0.603109624994 309
0.607159291001 310
0.624756083998 311
0.626140667009 312
0.643990750003 313
0.645080499991 314
0.700740250002 315
0.739860000001 316
0.75129395799 317
0.764350915997 318
0.793760792003 319
0.811443250001 320
0.825308125 321
0.857562250007 322
0.886229917 323
0.914851834008 324
0.932381042003 325
0.962460665993 326
0.971959625007 327
1.002322667 328
1.073637416 329
1.08796370801 330
1.178967125 331
1.179325875 332
1.232711334 333
1.453753708 334
1.56526933299 335
1.57509674999 336
1.67871787501 337
1.69305091699 338
1.77840433401 339
1.87016625 340
1.926525209 341
2.08774191601 342
2.153429 343
2.35223554101 344
2.41686529201 345
2.545294083 346
3.09185166699 347
3.173586583 348
3.185945875 349
3.38838437499 350
4.98471587501 351
5.137120042 352
5.33246812501 353
5.611441542 354
6.06267633401 355
7.07387145799 356
8.376109833 357
8.604223833 358
10 358
